inst	nstr	length	t	GREEDY	SA	BRKGA
1	1000	1000	0.1	53	63	62
2	1000	1000	0.1	49	59	63
3	1000	1000	0.1	47	60	61
4	1000	1000	0.1	50	62	61
5	1000	1000	0.1	51	61	63
6	1000	1000	0.1	49	61	61
7	1000	1000	0.1	51	63	61
8	1000	1000	0.1	51	64	62
9	1000	1000	0.1	49	61	58
10	1000	1000	0.1	50	63	63
11	1000	1000	0.1	48	64	61
12	1000	1000	0.1	50	64	60
13	1000	1000	0.1	52	63	60
14	1000	1000	0.1	49	62	62
15	1000	1000	0.1	51	65	59
16	1000	1000	0.1	51	64	62
17	1000	1000	0.1	54	62	61
18	1000	1000	0.1	49	60	62
19	1000	1000	0.1	51	59	62
20	1000	1000	0.1	52	61	60
21	1000	1000	0.1	51	63	60
22	1000	1000	0.1	47	60	59
23	1000	1000	0.1	48	60	61
24	1000	1000	0.1	48	60	58
25	1000	1000	0.1	50	62	62
26	1000	1000	0.1	48	60	61
27	1000	1000	0.1	52	61	61
28	1000	1000	0.1	46	61	62
29	1000	1000	0.1	51	62	62
30	1000	1000	0.1	52	60	64
31	1000	1000	0.2	27	35	34
32	1000	1000	0.2	29	35	34
33	1000	1000	0.2	28	34	37
34	1000	1000	0.2	30	36	34
35	1000	1000	0.2	27	34	34
36	1000	1000	0.2	27	35	35
37	1000	1000	0.2	27	34	35
38	1000	1000	0.2	28	34	34
39	1000	1000	0.2	26	32	34
40	1000	1000	0.2	28	32	33
41	1000	1000	0.2	27	35	36
42	1000	1000	0.2	27	36	33
43	1000	1000	0.2	27	34	35
44	1000	1000	0.2	28	33	34
45	1000	1000	0.2	29	34	34
46	1000	1000	0.2	27	33	33
47	1000	1000	0.2	29	34	35
48	1000	1000	0.2	27	35	36
49	1000	1000	0.2	27	32	34
50	1000	1000	0.2	30	34	35
51	1000	1000	0.2	27	33	34
52	1000	1000	0.2	28	34	34
53	1000	1000	0.2	30	35	33
54	1000	1000	0.2	30	34	34
55	1000	1000	0.2	26	34	33
56	1000	1000	0.2	27	35	33
57	1000	1000	0.2	31	36	32
58	1000	1000	0.2	28	34	34
59	1000	1000	0.2	28	33	34
60	1000	1000	0.2	28	34	35
61	1000	1000	0.3	18	23	23
62	1000	1000	0.3	18	25	25
63	1000	1000	0.3	18	24	24
64	1000	1000	0.3	18	23	24
65	1000	1000	0.3	20	24	23
66	1000	1000	0.3	17	23	23
67	1000	1000	0.3	19	24	23
68	1000	1000	0.3	17	24	23
69	1000	1000	0.3	20	23	24
70	1000	1000	0.3	20	24	24
71	1000	1000	0.3	19	23	23
72	1000	1000	0.3	21	23	24
73	1000	1000	0.3	19	23	23
74	1000	1000	0.3	17	23	24
75	1000	1000	0.3	19	24	23
76	1000	1000	0.3	20	24	24
77	1000	1000	0.3	19	23	25
78	1000	1000	0.3	18	22	25
79	1000	1000	0.3	20	24	25
80	1000	1000	0.3	20	23	24
81	1000	1000	0.3	19	23	24
82	1000	1000	0.3	19	23	24
83	1000	1000	0.3	19	22	23
84	1000	1000	0.3	20	24	24
85	1000	1000	0.3	17	24	24
86	1000	1000	0.3	22	25	23
87	1000	1000	0.3	20	23	23
88	1000	1000	0.3	19	23	24
89	1000	1000	0.3	18	25	24
90	1000	1000	0.3	18	23	23
91	1000	1000	0.4	15	18	18
92	1000	1000	0.4	16	18	18
93	1000	1000	0.4	17	18	18
94	1000	1000	0.4	13	17	18
95	1000	1000	0.4	15	17	18
96	1000	1000	0.4	14	18	18
97	1000	1000	0.4	15	18	19
98	1000	1000	0.4	13	18	18
99	1000	1000	0.4	15	18	19
100	1000	1000	0.4	14	17	18
101	1000	1000	0.4	13	18	18
102	1000	1000	0.4	14	17	18
103	1000	1000	0.4	14	19	19
104	1000	1000	0.4	15	18	18
105	1000	1000	0.4	13	17	18
106	1000	1000	0.4	15	18	18
107	1000	1000	0.4	14	18	19
108	1000	1000	0.4	14	18	19
109	1000	1000	0.4	14	17	18
110	1000	1000	0.4	14	18	19
111	1000	1000	0.4	16	18	18
112	1000	1000	0.4	14	17	18
113	1000	1000	0.4	14	17	18
114	1000	1000	0.4	14	17	18
115	1000	1000	0.4	16	17	18
116	1000	1000	0.4	14	17	19
117	1000	1000	0.4	15	17	19
118	1000	1000	0.4	14	17	19
119	1000	1000	0.4	12	17	18
120	1000	1000	0.4	14	17	18
121	1000	1000	0.5	11	14	15
122	1000	1000	0.5	11	14	14
123	1000	1000	0.5	12	14	14
124	1000	1000	0.5	11	14	15
125	1000	1000	0.5	12	14	15
126	1000	1000	0.5	11	14	14
127	1000	1000	0.5	12	15	15
128	1000	1000	0.5	10	13	15
129	1000	1000	0.5	12	13	15
130	1000	1000	0.5	12	14	15
131	1000	1000	0.5	11	14	15
132	1000	1000	0.5	12	14	15
133	1000	1000	0.5	13	15	15
134	1000	1000	0.5	11	14	15
135	1000	1000	0.5	12	13	15
136	1000	1000	0.5	11	14	15
137	1000	1000	0.5	12	14	15
138	1000	1000	0.5	11	13	15
139	1000	1000	0.5	11	14	15
140	1000	1000	0.5	12	14	15
141	1000	1000	0.5	11	14	15
142	1000	1000	0.5	13	14	15
143	1000	1000	0.5	12	14	15
144	1000	1000	0.5	11	13	15
145	1000	1000	0.5	12	14	14
146	1000	1000	0.5	11	14	15
147	1000	1000	0.5	12	13	14
148	1000	1000	0.5	11	14	15
149	1000	1000	0.5	12	13	15
150	1000	1000	0.5	12	13	15
151	1000	1000	0.6	9	11	12
152	1000	1000	0.6	10	12	12
153	1000	1000	0.6	9	11	12
154	1000	1000	0.6	8	12	13
155	1000	1000	0.6	11	12	12
156	1000	1000	0.6	11	11	12
157	1000	1000	0.6	9	11	12
158	1000	1000	0.6	10	11	12
159	1000	1000	0.6	10	11	12
160	1000	1000	0.6	9	11	12
161	1000	1000	0.6	11	12	12
162	1000	1000	0.6	11	11	12
163	1000	1000	0.6	9	11	12
164	1000	1000	0.6	10	12	13
165	1000	1000	0.6	9	12	12
166	1000	1000	0.6	10	12	13
167	1000	1000	0.6	9	11	12
168	1000	1000	0.6	9	11	12
169	1000	1000	0.6	10	11	13
170	1000	1000	0.6	10	11	12
171	1000	1000	0.6	10	10	12
172	1000	1000	0.6	9	12	12
173	1000	1000	0.6	9	12	12
174	1000	1000	0.6	9	12	12
175	1000	1000	0.6	10	11	12
176	1000	1000	0.6	9	11	12
177	1000	1000	0.6	11	11	12
178	1000	1000	0.6	10	12	12
179	1000	1000	0.6	10	12	12
180	1000	1000	0.6	8	11	12
181	1000	1000	0.7	9	10	10
182	1000	1000	0.7	7	9	10
183	1000	1000	0.7	7	9	10
184	1000	1000	0.7	8	9	10
185	1000	1000	0.7	7	9	10
186	1000	1000	0.7	7	10	10
187	1000	1000	0.7	8	9	10
188	1000	1000	0.7	8	9	10
189	1000	1000	0.7	8	9	10
190	1000	1000	0.7	8	9	10
191	1000	1000	0.7	8	9	10
192	1000	1000	0.7	7	9	10
193	1000	1000	0.7	8	9	10
194	1000	1000	0.7	7	9	10
195	1000	1000	0.7	7	9	10
196	1000	1000	0.7	8	9	10
197	1000	1000	0.7	7	9	10
198	1000	1000	0.7	8	8	10
199	1000	1000	0.7	9	9	10
200	1000	1000	0.7	8	10	10
201	1000	1000	0.7	7	8	10
202	1000	1000	0.7	8	9	10
203	1000	1000	0.7	7	9	10
204	1000	1000	0.7	8	9	10
205	1000	1000	0.7	7	9	10
206	1000	1000	0.7	7	9	10
207	1000	1000	0.7	8	9	10
208	1000	1000	0.7	8	9	10
209	1000	1000	0.7	7	9	10
210	1000	1000	0.7	8	9	10
211	1000	1000	0.8	6	7	8
212	1000	1000	0.8	6	8	9
213	1000	1000	0.8	6	7	9
214	1000	1000	0.8	6	8	8
215	1000	1000	0.8	6	7	8
216	1000	1000	0.8	7	7	8
217	1000	1000	0.8	6	7	8
218	1000	1000	0.8	5	7	9
219	1000	1000	0.8	6	8	8
220	1000	1000	0.8	7	7	9
221	1000	1000	0.8	6	7	8
222	1000	1000	0.8	7	8	8
223	1000	1000	0.8	6	7	8
224	1000	1000	0.8	7	8	8
225	1000	1000	0.8	6	7	8
226	1000	1000	0.8	7	7	9
227	1000	1000	0.8	6	8	8
228	1000	1000	0.8	6	8	9
229	1000	1000	0.8	5	8	9
230	1000	1000	0.8	6	7	8
231	1000	1000	0.8	6	8	8
232	1000	1000	0.8	7	7	8
233	1000	1000	0.8	5	7	8
234	1000	1000	0.8	6	7	8
235	1000	1000	0.8	6	7	8
236	1000	1000	0.8	7	7	8
237	1000	1000	0.8	6	7	9
238	1000	1000	0.8	7	8	9
239	1000	1000	0.8	6	8	8
240	1000	1000	0.8	7	8	9
241	1000	1000	0.9	5	6	6
242	1000	1000	0.9	5	6	7
243	1000	1000	0.9	5	6	7
244	1000	1000	0.9	5	6	7
245	1000	1000	0.9	5	6	6
246	1000	1000	0.9	5	6	7
247	1000	1000	0.9	5	6	7
248	1000	1000	0.9	5	6	7
249	1000	1000	0.9	5	6	6
250	1000	1000	0.9	5	7	7
251	1000	1000	0.9	6	6	7
252	1000	1000	0.9	5	6	7
253	1000	1000	0.9	4	6	7
254	1000	1000	0.9	5	6	6
255	1000	1000	0.9	5	6	6
256	1000	1000	0.9	4	6	7
257	1000	1000	0.9	6	6	7
258	1000	1000	0.9	5	6	7
259	1000	1000	0.9	5	6	7
260	1000	1000	0.9	4	6	7
261	1000	1000	0.9	5	6	7
262	1000	1000	0.9	5	6	7
263	1000	1000	0.9	4	6	7
264	1000	1000	0.9	5	6	7
265	1000	1000	0.9	5	6	6
266	1000	1000	0.9	5	6	6
267	1000	1000	0.9	5	6	7
268	1000	1000	0.9	5	6	7
269	1000	1000	0.9	5	6	7
270	1000	1000	0.9	5	6	7
271	2000	2000	0.1	58	68	62
272	2000	2000	0.1	56	68	67
273	2000	2000	0.1	56	69	63
274	2000	2000	0.1	62	70	62
275	2000	2000	0.1	61	68	62
276	2000	2000	0.1	59	68	62
277	2000	2000	0.1	55	69	61
278	2000	2000	0.1	54	65	67
279	2000	2000	0.1	54	67	62
280	2000	2000	0.1	53	67	65
281	2000	2000	0.1	56	68	61
282	2000	2000	0.1	59	70	61
283	2000	2000	0.1	57	66	64
284	2000	2000	0.1	56	70	62
285	2000	2000	0.1	55	69	63
286	2000	2000	0.1	58	70	62
287	2000	2000	0.1	60	67	62
288	2000	2000	0.1	57	70	63
289	2000	2000	0.1	60	66	63
290	2000	2000	0.1	59	68	66
291	2000	2000	0.1	57	71	62
292	2000	2000	0.1	56	67	62
293	2000	2000	0.1	53	67	63
294	2000	2000	0.1	58	68	62
295	2000	2000	0.1	59	67	63
296	2000	2000	0.1	55	68	61
297	2000	2000	0.1	60	70	65
298	2000	2000	0.1	56	66	62
299	2000	2000	0.1	56	70	62
300	2000	2000	0.1	57	66	61
301	2000	2000	0.2	28	37	37
302	2000	2000	0.2	32	37	35
303	2000	2000	0.2	32	37	36
304	2000	2000	0.2	35	39	37
305	2000	2000	0.2	31	36	35
306	2000	2000	0.2	33	39	36
307	2000	2000	0.2	29	36	36
308	2000	2000	0.2	29	38	37
309	2000	2000	0.2	31	36	37
310	2000	2000	0.2	32	39	36
311	2000	2000	0.2	32	39	37
312	2000	2000	0.2	31	36	36
313	2000	2000	0.2	30	38	35
314	2000	2000	0.2	30	37	37
315	2000	2000	0.2	31	38	36
316	2000	2000	0.2	30	37	38
317	2000	2000	0.2	33	37	36
318	2000	2000	0.2	33	38	35
319	2000	2000	0.2	29	36	37
320	2000	2000	0.2	30	38	37
321	2000	2000	0.2	31	39	36
322	2000	2000	0.2	33	37	38
323	2000	2000	0.2	31	38	35
324	2000	2000	0.2	32	38	35
325	2000	2000	0.2	29	38	37
326	2000	2000	0.2	29	38	36
327	2000	2000	0.2	32	37	36
328	2000	2000	0.2	32	38	38
329	2000	2000	0.2	31	38	35
330	2000	2000	0.2	29	37	36
331	2000	2000	0.3	21	26	25
332	2000	2000	0.3	22	25	25
333	2000	2000	0.3	20	26	26
334	2000	2000	0.3	19	26	26
335	2000	2000	0.3	21	25	26
336	2000	2000	0.3	19	25	25
337	2000	2000	0.3	21	26	25
338	2000	2000	0.3	22	27	25
339	2000	2000	0.3	19	26	25
340	2000	2000	0.3	21	25	26
341	2000	2000	0.3	20	26	26
342	2000	2000	0.3	21	26	25
343	2000	2000	0.3	20	25	25
344	2000	2000	0.3	22	27	26
345	2000	2000	0.3	20	26	25
346	2000	2000	0.3	23	25	25
347	2000	2000	0.3	21	25	25
348	2000	2000	0.3	20	25	26
349	2000	2000	0.3	20	25	25
350	2000	2000	0.3	21	25	26
351	2000	2000	0.3	20	25	25
352	2000	2000	0.3	20	26	26
353	2000	2000	0.3	22	25	26
354	2000	2000	0.3	22	27	25
355	2000	2000	0.3	22	25	26
356	2000	2000	0.3	21	25	25
357	2000	2000	0.3	19	24	26
358	2000	2000	0.3	21	25	25
359	2000	2000	0.3	22	26	25
360	2000	2000	0.3	21	29	25
361	2000	2000	0.4	16	19	19
362	2000	2000	0.4	15	19	19
363	2000	2000	0.4	15	19	19
364	2000	2000	0.4	15	19	19
365	2000	2000	0.4	15	19	19
366	2000	2000	0.4	14	20	19
367	2000	2000	0.4	16	19	20
368	2000	2000	0.4	14	18	19
369	2000	2000	0.4	17	19	20
370	2000	2000	0.4	18	20	20
371	2000	2000	0.4	15	20	19
372	2000	2000	0.4	18	19	19
373	2000	2000	0.4	15	21	19
374	2000	2000	0.4	16	20	20
375	2000	2000	0.4	15	19	19
376	2000	2000	0.4	16	20	19
377	2000	2000	0.4	15	19	20
378	2000	2000	0.4	16	19	20
379	2000	2000	0.4	16	19	20
380	2000	2000	0.4	15	18	19
381	2000	2000	0.4	16	20	20
382	2000	2000	0.4	16	18	20
383	2000	2000	0.4	16	19	20
384	2000	2000	0.4	16	19	20
385	2000	2000	0.4	16	18	20
386	2000	2000	0.4	15	19	19
387	2000	2000	0.4	14	18	20
388	2000	2000	0.4	16	19	21
389	2000	2000	0.4	16	19	19
390	2000	2000	0.4	16	18	20
391	2000	2000	0.5	14	14	16
392	2000	2000	0.5	12	14	15
393	2000	2000	0.5	10	15	15
394	2000	2000	0.5	12	15	15
395	2000	2000	0.5	12	16	16
396	2000	2000	0.5	12	15	15
397	2000	2000	0.5	11	15	15
398	2000	2000	0.5	13	15	16
399	2000	2000	0.5	12	15	15
400	2000	2000	0.5	13	15	15
401	2000	2000	0.5	13	14	15
402	2000	2000	0.5	12	14	15
403	2000	2000	0.5	11	14	16
404	2000	2000	0.5	12	16	15
405	2000	2000	0.5	13	15	15
406	2000	2000	0.5	13	15	15
407	2000	2000	0.5	12	15	16
408	2000	2000	0.5	12	15	16
409	2000	2000	0.5	13	15	16
410	2000	2000	0.5	13	16	16
411	2000	2000	0.5	12	14	16
412	2000	2000	0.5	11	14	15
413	2000	2000	0.5	11	15	15
414	2000	2000	0.5	11	15	16
415	2000	2000	0.5	12	14	15
416	2000	2000	0.5	12	15	16
417	2000	2000	0.5	12	15	15
418	2000	2000	0.5	12	15	16
419	2000	2000	0.5	13	15	15
420	2000	2000	0.5	12	15	16
421	2000	2000	0.6	10	11	12
422	2000	2000	0.6	10	12	13
423	2000	2000	0.6	10	12	12
424	2000	2000	0.6	10	12	13
425	2000	2000	0.6	9	11	13
426	2000	2000	0.6	10	11	13
427	2000	2000	0.6	10	12	13
428	2000	2000	0.6	10	13	12
429	2000	2000	0.6	10	12	13
430	2000	2000	0.6	10	12	13
431	2000	2000	0.6	11	12	12
432	2000	2000	0.6	9	12	13
433	2000	2000	0.6	10	12	13
434	2000	2000	0.6	10	13	13
435	2000	2000	0.6	9	12	12
436	2000	2000	0.6	10	12	13
437	2000	2000	0.6	10	12	13
438	2000	2000	0.6	10	12	13
439	2000	2000	0.6	10	12	13
440	2000	2000	0.6	10	12	13
441	2000	2000	0.6	9	12	13
442	2000	2000	0.6	10	12	13
443	2000	2000	0.6	10	12	13
444	2000	2000	0.6	9	12	13
445	2000	2000	0.6	10	12	13
446	2000	2000	0.6	10	12	13
447	2000	2000	0.6	10	12	13
448	2000	2000	0.6	10	12	13
449	2000	2000	0.6	9	12	13
450	2000	2000	0.6	10	12	13
451	2000	2000	0.7	9	10	11
452	2000	2000	0.7	8	10	10
453	2000	2000	0.7	8	9	10
454	2000	2000	0.7	9	10	11
455	2000	2000	0.7	7	10	10
456	2000	2000	0.7	7	10	10
457	2000	2000	0.7	9	9	11
458	2000	2000	0.7	8	9	10
459	2000	2000	0.7	8	11	10
460	2000	2000	0.7	9	9	10
461	2000	2000	0.7	10	10	10
462	2000	2000	0.7	8	9	10
463	2000	2000	0.7	8	9	10
464	2000	2000	0.7	7	10	10
465	2000	2000	0.7	7	10	11
466	2000	2000	0.7	9	10	11
467	2000	2000	0.7	10	11	11
468	2000	2000	0.7	9	10	10
469	2000	2000	0.7	8	9	11
470	2000	2000	0.7	9	10	11
471	2000	2000	0.7	9	10	11
472	2000	2000	0.7	9	10	11
473	2000	2000	0.7	8	10	10
474	2000	2000	0.7	9	10	11
475	2000	2000	0.7	8	10	11
476	2000	2000	0.7	8	9	11
477	2000	2000	0.7	9	10	11
478	2000	2000	0.7	8	9	11
479	2000	2000	0.7	8	10	11
480	2000	2000	0.7	8	10	11
481	2000	2000	0.8	7	8	9
482	2000	2000	0.8	7	8	9
483	2000	2000	0.8	7	8	9
484	2000	2000	0.8	8	8	9
485	2000	2000	0.8	7	8	9
486	2000	2000	0.8	7	8	9
487	2000	2000	0.8	6	8	9
488	2000	2000	0.8	7	8	8
489	2000	2000	0.8	7	8	9
490	2000	2000	0.8	6	7	8
491	2000	2000	0.8	7	8	9
492	2000	2000	0.8	8	8	9
493	2000	2000	0.8	7	8	9
494	2000	2000	0.8	7	8	9
495	2000	2000	0.8	7	8	9
496	2000	2000	0.8	7	8	9
497	2000	2000	0.8	6	8	9
498	2000	2000	0.8	6	9	9
499	2000	2000	0.8	7	8	9
500	2000	2000	0.8	6	8	9
501	2000	2000	0.8	7	8	9
502	2000	2000	0.8	6	8	9
503	2000	2000	0.8	6	8	9
504	2000	2000	0.8	6	8	9
505	2000	2000	0.8	7	8	9
506	2000	2000	0.8	7	8	9
507	2000	2000	0.8	6	8	9
508	2000	2000	0.8	6	7	9
509	2000	2000	0.8	7	7	8
510	2000	2000	0.8	7	8	8
511	2000	2000	0.9	5	6	7
512	2000	2000	0.9	6	6	7
513	2000	2000	0.9	5	6	7
514	2000	2000	0.9	5	6	7
515	2000	2000	0.9	6	6	7
516	2000	2000	0.9	5	7	7
517	2000	2000	0.9	5	6	7
518	2000	2000	0.9	6	6	7
519	2000	2000	0.9	5	6	7
520	2000	2000	0.9	5	7	7
521	2000	2000	0.9	5	6	7
522	2000	2000	0.9	4	6	7
523	2000	2000	0.9	4	6	7
524	2000	2000	0.9	5	6	7
525	2000	2000	0.9	5	6	7
526	2000	2000	0.9	6	6	7
527	2000	2000	0.9	5	6	7
528	2000	2000	0.9	5	6	7
529	2000	2000	0.9	5	6	7
530	2000	2000	0.9	5	6	7
531	2000	2000	0.9	6	6	7
532	2000	2000	0.9	6	6	7
533	2000	2000	0.9	6	6	7
534	2000	2000	0.9	6	6	7
535	2000	2000	0.9	6	6	7
536	2000	2000	0.9	5	6	7
537	2000	2000	0.9	5	6	7
538	2000	2000	0.9	5	6	7
539	2000	2000	0.9	6	6	7
540	2000	2000	0.9	6	6	7
541	3000	3000	0.1	62	76	66
542	3000	3000	0.1	60	72	66
543	3000	3000	0.1	59	70	66
544	3000	3000	0.1	64	73	64
545	3000	3000	0.1	58	74	65
546	3000	3000	0.1	63	72	65
547	3000	3000	0.1	61	72	66
548	3000	3000	0.1	60	70	65
549	3000	3000	0.1	59	72	65
550	3000	3000	0.1	62	72	65
551	3000	3000	0.1	59	72	65
552	3000	3000	0.1	57	70	65
553	3000	3000	0.1	57	73	66
554	3000	3000	0.1	60	70	67
555	3000	3000	0.1	59	72	65
556	3000	3000	0.1	63	73	65
557	3000	3000	0.1	57	73	66
558	3000	3000	0.1	60	71	64
559	3000	3000	0.1	60	73	66
560	3000	3000	0.1	59	73	66
561	3000	3000	0.1	60	73	65
562	3000	3000	0.1	63	73	65
563	3000	3000	0.1	63	73	65
564	3000	3000	0.1	59	68	65
565	3000	3000	0.1	61	75	65
566	3000	3000	0.1	63	73	67
567	3000	3000	0.1	64	72	65
568	3000	3000	0.1	60	74	65
569	3000	3000	0.1	60	71	65
570	3000	3000	0.1	62	74	65
571	3000	3000	0.2	34	39	37
572	3000	3000	0.2	31	38	37
573	3000	3000	0.2	30	38	37
574	3000	3000	0.2	32	39	36
575	3000	3000	0.2	32	39	37
576	3000	3000	0.2	33	39	37
577	3000	3000	0.2	31	37	37
578	3000	3000	0.2	35	39	38
579	3000	3000	0.2	32	39	39
580	3000	3000	0.2	35	39	37
581	3000	3000	0.2	31	39	37
582	3000	3000	0.2	30	38	39
583	3000	3000	0.2	33	40	36
584	3000	3000	0.2	33	39	37
585	3000	3000	0.2	31	40	41
586	3000	3000	0.2	32	38	38
587	3000	3000	0.2	33	41	38
588	3000	3000	0.2	32	39	37
589	3000	3000	0.2	31	39	37
590	3000	3000	0.2	30	39	37
591	3000	3000	0.2	31	40	37
592	3000	3000	0.2	33	38	38
593	3000	3000	0.2	31	40	37
594	3000	3000	0.2	32	39	37
595	3000	3000	0.2	34	38	37
596	3000	3000	0.2	32	39	37
597	3000	3000	0.2	30	38	37
598	3000	3000	0.2	33	39	37
599	3000	3000	0.2	32	39	37
600	3000	3000	0.2	32	39	37
601	3000	3000	0.3	21	26	26
602	3000	3000	0.3	21	26	26
603	3000	3000	0.3	21	25	26
604	3000	3000	0.3	24	26	26
605	3000	3000	0.3	20	27	27
606	3000	3000	0.3	22	26	26
607	3000	3000	0.3	25	27	26
608	3000	3000	0.3	21	28	27
609	3000	3000	0.3	23	26	26
610	3000	3000	0.3	23	28	26
611	3000	3000	0.3	22	27	27
612	3000	3000	0.3	20	26	26
613	3000	3000	0.3	23	28	26
614	3000	3000	0.3	22	27	27
615	3000	3000	0.3	22	27	26
616	3000	3000	0.3	22	27	26
617	3000	3000	0.3	20	25	26
618	3000	3000	0.3	23	26	27
619	3000	3000	0.3	22	25	26
620	3000	3000	0.3	20	26	26
621	3000	3000	0.3	20	27	27
622	3000	3000	0.3	23	27	27
623	3000	3000	0.3	23	26	27
624	3000	3000	0.3	24	27	27
625	3000	3000	0.3	20	26	26
626	3000	3000	0.3	20	26	27
627	3000	3000	0.3	21	25	26
628	3000	3000	0.3	21	26	26
629	3000	3000	0.3	23	26	26
630	3000	3000	0.3	20	26	26
631	3000	3000	0.4	16	19	20
632	3000	3000	0.4	17	20	20
633	3000	3000	0.4	18	20	20
634	3000	3000	0.4	15	20	20
635	3000	3000	0.4	17	20	20
636	3000	3000	0.4	16	20	21
637	3000	3000	0.4	17	20	20
638	3000	3000	0.4	18	20	21
639	3000	3000	0.4	15	19	20
640	3000	3000	0.4	18	21	20
641	3000	3000	0.4	17	18	20
642	3000	3000	0.4	16	19	20
643	3000	3000	0.4	17	19	20
644	3000	3000	0.4	17	19	21
645	3000	3000	0.4	16	19	20
646	3000	3000	0.4	18	20	20
647	3000	3000	0.4	16	19	20
648	3000	3000	0.4	15	20	20
649	3000	3000	0.4	16	20	20
650	3000	3000	0.4	15	19	21
651	3000	3000	0.4	16	20	20
652	3000	3000	0.4	15	20	21
653	3000	3000	0.4	15	19	20
654	3000	3000	0.4	15	20	20
655	3000	3000	0.4	16	18	20
656	3000	3000	0.4	17	20	20
657	3000	3000	0.4	19	20	21
658	3000	3000	0.4	16	20	21
659	3000	3000	0.4	17	20	20
660	3000	3000	0.4	15	20	20
661	3000	3000	0.5	12	15	16
662	3000	3000	0.5	13	16	16
663	3000	3000	0.5	13	15	16
664	3000	3000	0.5	13	15	16
665	3000	3000	0.5	12	16	17
666	3000	3000	0.5	14	15	16
667	3000	3000	0.5	12	15	16
668	3000	3000	0.5	12	16	16
669	3000	3000	0.5	11	16	16
670	3000	3000	0.5	12	15	16
671	3000	3000	0.5	13	15	17
672	3000	3000	0.5	12	15	16
673	3000	3000	0.5	14	15	16
674	3000	3000	0.5	14	14	16
675	3000	3000	0.5	13	15	16
676	3000	3000	0.5	12	15	16
677	3000	3000	0.5	13	15	16
678	3000	3000	0.5	12	15	16
679	3000	3000	0.5	12	16	16
680	3000	3000	0.5	14	15	16
681	3000	3000	0.5	13	15	16
682	3000	3000	0.5	13	15	16
683	3000	3000	0.5	12	15	16
684	3000	3000	0.5	14	15	16
685	3000	3000	0.5	12	15	16
686	3000	3000	0.5	13	15	16
687	3000	3000	0.5	12	16	17
688	3000	3000	0.5	12	15	16
689	3000	3000	0.5	14	16	16
690	3000	3000	0.5	13	15	16
691	3000	3000	0.6	10	12	13
692	3000	3000	0.6	9	13	14
693	3000	3000	0.6	9	12	14
694	3000	3000	0.6	10	12	14
695	3000	3000	0.6	10	12	13
696	3000	3000	0.6	11	12	13
697	3000	3000	0.6	10	12	13
698	3000	3000	0.6	10	12	13
699	3000	3000	0.6	10	12	13
700	3000	3000	0.6	10	12	13
701	3000	3000	0.6	10	12	13
702	3000	3000	0.6	9	12	13
703	3000	3000	0.6	10	12	13
704	3000	3000	0.6	11	12	13
705	3000	3000	0.6	9	12	13
706	3000	3000	0.6	11	13	13
707	3000	3000	0.6	12	12	14
708	3000	3000	0.6	9	13	13
709	3000	3000	0.6	12	12	13
710	3000	3000	0.6	10	12	13
711	3000	3000	0.6	10	11	13
712	3000	3000	0.6	10	13	13
713	3000	3000	0.6	10	12	13
714	3000	3000	0.6	10	12	13
715	3000	3000	0.6	10	12	13
716	3000	3000	0.6	12	12	13
717	3000	3000	0.6	11	12	13
718	3000	3000	0.6	10	13	13
719	3000	3000	0.6	9	12	13
720	3000	3000	0.6	11	13	13
721	3000	3000	0.7	9	10	11
722	3000	3000	0.7	9	10	11
723	3000	3000	0.7	9	10	11
724	3000	3000	0.7	8	10	11
725	3000	3000	0.7	8	10	11
726	3000	3000	0.7	9	10	11
727	3000	3000	0.7	7	11	11
728	3000	3000	0.7	8	10	11
729	3000	3000	0.7	9	10	11
730	3000	3000	0.7	8	10	11
731	3000	3000	0.7	8	10	12
732	3000	3000	0.7	9	10	11
733	3000	3000	0.7	9	10	11
734	3000	3000	0.7	9	10	11
735	3000	3000	0.7	7	10	11
736	3000	3000	0.7	10	10	11
737	3000	3000	0.7	7	10	11
738	3000	3000	0.7	8	10	11
739	3000	3000	0.7	9	10	11
740	3000	3000	0.7	8	10	11
741	3000	3000	0.7	9	9	11
742	3000	3000	0.7	8	10	11
743	3000	3000	0.7	8	10	11
744	3000	3000	0.7	8	9	11
745	3000	3000	0.7	8	10	11
746	3000	3000	0.7	9	10	11
747	3000	3000	0.7	8	10	11
748	3000	3000	0.7	9	10	11
749	3000	3000	0.7	9	10	11
750	3000	3000	0.7	9	10	11
751	3000	3000	0.8	6	8	10
752	3000	3000	0.8	6	8	9
753	3000	3000	0.8	9	9	9
754	3000	3000	0.8	7	8	9
755	3000	3000	0.8	6	7	9
756	3000	3000	0.8	7	8	9
757	3000	3000	0.8	7	8	9
758	3000	3000	0.8	7	8	9
759	3000	3000	0.8	6	8	9
760	3000	3000	0.8	8	8	9
761	3000	3000	0.8	7	8	9
762	3000	3000	0.8	7	8	9
763	3000	3000	0.8	7	7	9
764	3000	3000	0.8	6	7	9
765	3000	3000	0.8	7	8	9
766	3000	3000	0.8	7	8	9
767	3000	3000	0.8	7	8	9
768	3000	3000	0.8	7	8	9
769	3000	3000	0.8	6	8	9
770	3000	3000	0.8	7	8	9
771	3000	3000	0.8	7	8	9
772	3000	3000	0.8	6	8	9
773	3000	3000	0.8	7	8	9
774	3000	3000	0.8	7	8	9
775	3000	3000	0.8	8	8	9
776	3000	3000	0.8	7	8	9
777	3000	3000	0.8	6	8	9
778	3000	3000	0.8	7	8	9
779	3000	3000	0.8	7	8	9
780	3000	3000	0.8	6	8	9
781	3000	3000	0.9	5	6	7
782	3000	3000	0.9	6	6	7
783	3000	3000	0.9	5	6	7
784	3000	3000	0.9	6	6	7
785	3000	3000	0.9	5	7	7
786	3000	3000	0.9	5	6	7
787	3000	3000	0.9	6	7	7
788	3000	3000	0.9	5	6	7
789	3000	3000	0.9	5	6	7
790	3000	3000	0.9	5	6	7
791	3000	3000	0.9	6	6	7
792	3000	3000	0.9	5	6	7
793	3000	3000	0.9	5	6	7
794	3000	3000	0.9	5	6	7
795	3000	3000	0.9	6	6	7
796	3000	3000	0.9	5	6	7
797	3000	3000	0.9	6	6	7
798	3000	3000	0.9	5	6	7
799	3000	3000	0.9	5	6	7
800	3000	3000	0.9	5	6	7
801	3000	3000	0.9	6	6	7
802	3000	3000	0.9	5	6	8
803	3000	3000	0.9	5	6	7
804	3000	3000	0.9	5	6	7
805	3000	3000	0.9	5	6	7
806	3000	3000	0.9	6	6	7
807	3000	3000	0.9	6	6	7
808	3000	3000	0.9	5	6	8
809	3000	3000	0.9	5	6	7
810	3000	3000	0.9	6	6	7
